-1.620310760e+03 -1.647990682e+03 -1.730538791e+03 -1.743060842e+03 -1.795792804e+03 -1.881197102e+03 -1.920205675e+03 -1.991832791e+03 -2.021402517e+03 -2.081480710e+03 -2.131547095e+03 -2.174357093e+03 -2.226425113e+03 -2.488625792e+03 -2.315701308e+03 -2.572143656e+03 -2.394565821e+03 -2.460586764e+03 -2.488185083e+03 -2.528462626e+03
-1.335942002e+03 -1.408831581e+03 -1.484127116e+03 -1.558126391e+03 -1.648264333e+03 -1.688351804e+03 -1.667410601e+03 -1.791095020e+03 -1.779461371e+03 -1.873331419e+03 -1.967625525e+03 -2.023759013e+03 -2.042883048e+03 -2.101362087e+03 -2.114529687e+03 -2.191382776e+03 -2.238363325e+03 -2.286631747e+03 -2.332163437e+03 -2.377775581e+03
-9.867782862e+02 -1.051097849e+03 -1.153187784e+03 -1.245907355e+03 -1.401131820e+03 -1.395040919e+03 -1.476039257e+03 -1.551039196e+03 -1.606032559e+03 -1.666522076e+03 -1.750455256e+03 -1.775172603e+03 -1.876769080e+03 -1.881552845e+03 -1.757456956e+03 -1.988852898e+03 -2.035783633e+03 -2.081909905e+03 -2.113406036e+03 -2.123589680e+03
-7.109562327e+02 -7.721917483e+02 -8.335038412e+02 -9.105641281e+02 -9.635766509e+02 -1.038485901e+03 -1.106930318e+03 -1.197332099e+03 -1.241138863e+03 -1.305254081e+03 -1.382601586e+03 -1.431675554e+03 -1.512993855e+03 -1.554002879e+03 -1.604788574e+03 -1.670416788e+03 -1.719341155e+03 -1.771124088e+03 -1.823602174e+03 -1.877331686e+03
-4.993153610e+02 -5.521969640e+02 -6.029657871e+02 -6.584935590e+02 -7.088236351e+02 -7.598585176e+02 -8.206845222e+02 -8.749032347e+02 -9.406340427e+02 -9.775528523e+02 -1.000920222e+03 -1.102223795e+03 -1.151143636e+03 -1.205896646e+03 -1.875030758e+03 -2.243113388e+04 -2.362517130e+04 -2.491531610e+04 -2.630072985e+04 -1.497201616e+03
-3.780013419e+03 -4.634235800e+02 -4.992844163e+02 -5.362746528e+02 -5.740208626e+02 -6.145793561e+02 -6.626887944e+02 -7.761032556e+02 -7.321505472e+02 -8.986974546e+02 -8.303735621e+02 -8.700822245e+02 -9.220026635e+02 -9.636159105e+02 -1.398378998e+04 -1.421572311e+04 -1.425324542e+04 -1.407227332e+04 -1.107072895e+03 -1.275212786e+04
-4.444544752e+02 -4.617026818e+02 -4.888352665e+02 -5.408073852e+02 -5.986002281e+02 -5.839193761e+02 -6.114441305e+02 -6.666676338e+02 -6.802196581e+02 -7.524071696e+02 -7.306042426e+02 -8.125916728e+02 -8.477109139e+02 -8.718835321e+02 -2.861240344e+03 -9.924801310e+02 -1.091650797e+03 -1.041337432e+03 -1.060213756e+03 -1.026262541e+03
-4.860599907e+02 -4.961058091e+02 -5.314383945e+02 -5.640525317e+02 -6.002835626e+02 -6.257228839e+02 -6.607316939e+02 -6.682393364e+02 -7.306109695e+02 -7.601218303e+02 -7.971749458e+02 -8.184098325e+02 -8.569771512e+02 -8.563415914e+02 -9.256324943e+02 -9.572101582e+02 -9.875512468e+02 -1.007194360e+03 -1.054640307e+03 -1.089851755e+03
-5.527436835e+02 -5.006635954e+02 -5.445837313e+02 -5.747811842e+02 -6.046615551e+02 -6.385844720e+02 -6.730657240e+02 -7.073736031e+02 -7.409281418e+02 -7.754277890e+02 -8.093118134e+02 -8.017436655e+02 -8.840984122e+02 -9.166760818e+02 -9.529694448e+02 -9.845625552e+02 -1.021738194e+03 -1.055233513e+03 -9.554935671e+02 -1.124669535e+03
-5.323834536e+02 -5.108667874e+02 -5.454230344e+02 -5.798148552e+02 -6.139619709e+02 -6.473661945e+02 -6.878619531e+02 -7.206600966e+02 -7.535059402e+02 -7.916549264e+02 -8.280588942e+02 -8.653546482e+02 -9.525926367e+02 -9.139108102e+02 -9.702828172e+02 -1.008130793e+03 -1.042525706e+03 -1.081284358e+03 -1.115293224e+03 -1.123138894e+03
-4.829394830e+02 -5.188855365e+02 -5.642948837e+02 -6.094369134e+02 -6.264727062e+02 -6.629097869e+02 -6.883848082e+02 -7.284052903e+02 -7.976128538e+02 -8.465142536e+02 -8.345706205e+02 -8.877495347e+02 -9.115758139e+02 -9.582445109e+02 -9.986532608e+02 -1.036811717e+03 -1.064418609e+03 -1.105502958e+03 -1.143225594e+03 -1.192543826e+03
-4.914738594e+02 -5.264294069e+02 -5.731600100e+02 -6.643334908e+02 -6.575904638e+02 -6.735750384e+02 -7.212283711e+02 -7.395179693e+02 -1.027077110e+03 -1.041583467e+03 -9.152386686e+02 -8.983152832e+02 -9.376325778e+02 -9.731124213e+02 -1.096104470e+03 -1.079727440e+03 -1.095405647e+03 -1.152052344e+03 -1.197070373e+03 -1.734355361e+03
-5.164844993e+02 -5.318677695e+02 -5.991226558e+02 -6.112390553e+02 -6.393336455e+02 -6.918120990e+02 -8.110326937e+02 -7.713624340e+02 -1.098636209e+03 -8.710374475e+02 -8.842561461e+02 -9.423675023e+02 -9.507162027e+02 -9.784967781e+02 -1.092685005e+03 -1.163931713e+03 -1.126481995e+03 -1.271608003e+03 -1.146198760e+03 -1.221568315e+03
-4.966457511e+02 -6.552732165e+02 -5.318200490e+02 -8.803760686e+02 -8.133513845e+02 -1.099565741e+03 -7.361421081e+02 -7.968569573e+02 -8.382404505e+02 -8.592726699e+02 -1.066528486e+03 -1.024619382e+03 -1.365441457e+03 -1.063649218e+03 -1.206043908e+03 -1.167916674e+03 -1.359025159e+03 -1.220094825e+03 -1.342425617e+03 -5.852165554e+04
-5.441376258e+02 -7.419854844e+02 -7.304313723e+02 -6.293321131e+02 -7.909630890e+02 -9.985756442e+02 -8.415506956e+02 -1.244923504e+03 -8.191635759e+02 -1.049485055e+03 -1.016874605e+03 -1.042951783e+03 -1.260455711e+03 -1.097329695e+03 -1.383553070e+03 -1.095265688e+03 -1.343649642e+03 -1.184837463e+03 -1.213810494e+03 -1.320282129e+03
-8.289246578e+02 -8.410500357e+02 -6.797201483e+02 -7.754668132e+02 -2.703892468e+03 -1.075740488e+03 -7.793845286e+02 -1.063417564e+03 -1.008560751e+03 -8.950826265e+02 -1.056227188e+03 -1.310691851e+03 -1.474608302e+03 -1.197267521e+03 -1.358685143e+03 -1.108868120e+03 -1.150869620e+03 -1.200691637e+03 -1.518104544e+03 -1.523882139e+03
-9.709232762e+02 -6.018805436e+02 -7.758585090e+02 -7.760409045e+02 -1.368948074e+03 -1.259114070e+03 -1.043045541e+03 -2.044907667e+03 -1.245142419e+03 -1.153977321e+03 -1.185357595e+03 -1.266743052e+03 -1.167999373e+03 -1.300569626e+03 -1.108880715e+03 -1.115340609e+03 -1.200087054e+03 -1.297931345e+03 -1.241166689e+03 -1.286810871e+03
-7.332734180e+02 -9.585731120e+02 -1.130584974e+03 -1.115176836e+03 -9.402047808e+02 -1.133050795e+03 -1.110435870e+03 -9.106430907e+02 -1.155807640e+03 -1.220972348e+03 -1.054705651e+03 -1.414989115e+03 -1.544380831e+03 -1.362456378e+03 -1.332678556e+03 -1.344337162e+03 -1.170968686e+03 -1.298814342e+03 -1.734015201e+03 -1.295593444e+03
-1.059952775e+03 -4.076533764e+03 -1.256141536e+03 -1.114368621e+03 -8.558261413e+03 -8.419081184e+02 -1.055060368e+03 -1.165611994e+03 -1.041800934e+03 -1.250247264e+03 -1.535291674e+03 -1.471684849e+03 -1.432958470e+03 -1.194568587e+03 -2.979039709e+03 -2.361202578e+03 -1.133667283e+03 -1.319363416e+03 -1.312459842e+03 -1.312066186e+03
-9.209188730e+02 -8.645909006e+02 -1.032670986e+03 -3.507642601e+04 -3.910915248e+03 -9.563064597e+02 -1.048004985e+03 -1.411330119e+03 -9.595658257e+02 -1.223315323e+03 -1.582458956e+03 -1.222017510e+03 -1.220801334e+03 -1.160978794e+03 -1.461837727e+03 -1.143628512e+03 -4.313637231e+03 -1.235429450e+03 -1.289179884e+03 -1.630479816e+03
