1.399387086e+01
1.392245036e+01
1.374947793e+01
2.259975428e+01
1.523566761e+01
1.416097316e+01
1.314236717e+01
1.324086314e+01
1.450055420e+01
1.233100255e+01
1.370850423e+01
1.433517855e+01
1.376663657e+01
1.443632761e+01
1.446137244e+01
1.450249591e+01
1.331317012e+01
1.440384443e+01
1.416891742e+01
1.397984850e+01
1.491240065e+01
1.397155940e+01
1.473871441e+01
1.311549974e+01
1.353079660e+01
1.398059170e+01
1.412608758e+01
1.456986868e+01
1.426041185e+01
1.459520145e+01
1.394301043e+01
1.215148674e+01
1.342760422e+01
1.395143413e+01
1.407539336e+01
1.457268171e+01
1.444336436e+01
1.319789629e+01
1.390176995e+01
1.399978930e+01
1.457438587e+01
1.397867708e+01
1.376371101e+01
1.389871922e+01
1.385087666e+01
1.403625489e+01
1.452949422e+01
1.310253118e+01
1.235364086e+01
1.393622787e+01
1.214915990e+01
1.428624552e+01
1.380037150e+01
1.454110659e+01
1.356736236e+01
1.360250238e+01
1.456352128e+01
1.359310081e+01
1.449428324e+01
1.382170773e+01
1.535901518e+01
1.413978947e+01
1.393359233e+01
1.303479242e+01
1.405782825e+01
1.420291773e+01
1.373227688e+01
1.422414219e+01
1.307970483e+01
1.442803659e+01
1.445719750e+01
1.356632506e+01
1.380997902e+01
1.471890645e+01
1.411272719e+01
1.360779352e+01
1.328412999e+01
1.173546896e+01
1.384931068e+01
1.376018531e+01
1.308629471e+01
1.371807342e+01
1.369405566e+01
1.429875095e+01
1.436679784e+01
1.388581880e+01
1.292117093e+01
1.400423578e+01
1.415407464e+01
1.417338832e+01
1.406227253e+01
1.412821690e+01
1.374513274e+01
1.427646652e+01
1.368321353e+01
1.360427224e+01
1.456611039e+01
1.335936510e+01
1.043482995e+01
1.386836996e+01
1.235189926e+01
1.415357557e+01
1.450494668e+01
1.477233673e+01
1.428579001e+01
1.352145058e+01
1.423216945e+01
1.424126562e+01
1.386837726e+01
1.412995446e+01
1.305124685e+01
1.379575578e+01
1.379076341e+01
1.408213611e+01
1.352018011e+01
1.396209693e+01
1.387046974e+01
1.355503974e+01
1.273554208e+01
1.276277198e+01
1.391654505e+01
1.371259988e+01
1.297293700e+01
1.245647215e+01
1.369109432e+01
1.459374091e+01
1.404322514e+01
1.445118694e+01
1.407166226e+01
1.400734886e+01
2.149701663e+01
1.395490945e+01
1.412439213e+01
1.459985812e+01
1.454048837e+01
1.229262568e+01
1.325954624e+01
1.421799983e+01
1.426231688e+01
1.368154525e+01
1.387271173e+01
1.207375625e+01
1.426259759e+01
1.475720280e+01
1.775971756e+01
1.377158900e+01
1.380488726e+01
1.346950224e+01
1.393856017e+01
1.432009435e+01
1.305391859e+01
1.484245298e+01
1.379546139e+01
1.376777141e+01
1.513135966e+01
1.392929201e+01
1.314607303e+01
1.382352215e+01
1.388008411e+01
1.439860416e+01
1.713546725e+01
1.306567006e+01
1.381131441e+01
1.377194498e+01
1.428731365e+01
1.354957972e+01
1.208067266e+01
1.269219337e+01
1.343662914e+01
1.434776573e+01
1.452563145e+01
1.413807470e+01
1.346978236e+01
1.524644583e+01
1.387826565e+01
1.431691122e+01
1.392770965e+01
1.361978989e+01
1.391806408e+01
1.244363697e+01
1.408133045e+01
1.401510098e+01
1.399313734e+01
1.421820629e+01
1.408043037e+01
1.463680194e+01
1.414228355e+01
1.363848026e+01
1.464703937e+01
1.391004315e+01
1.377030119e+01
1.474778843e+01
1.414203428e+01
1.372124669e+01
1.382852010e+01
1.418742386e+01
1.336370860e+01
1.417376167e+01
1.378199989e+01
1.471594992e+01
1.357688601e+01
1.379331260e+01
1.478275878e+01
1.713831304e+01
1.678812011e+01
1.415661094e+01
1.402917115e+01
1.392138659e+01
1.375839819e+01
1.389965203e+01
1.406820234e+01
1.384638081e+01
1.361031381e+01
1.405246669e+01
1.379961801e+01
1.410413214e+01
1.232758087e+01
1.330980224e+01
1.527328451e+01
1.375072709e+01
1.359913410e+01
1.367240637e+01
1.404110467e+01
1.389727631e+01
1.403826346e+01
1.418497239e+01
1.332090602e+01
1.444267048e+01
1.483466076e+01
1.387764922e+01
1.351125297e+01
1.815660822e+01
1.394495037e+01
1.449182115e+01
1.447563568e+01
1.387089635e+01
1.341329639e+01
1.407564810e+01
1.442016995e+01
1.430096612e+01
1.346749622e+01
1.395394992e+01
1.418806376e+01
1.502076991e+01
1.425851359e+01
1.419308598e+01
1.312954074e+01
1.376459281e+01
1.324433897e+01
1.347846222e+01
1.336152412e+01
1.366036811e+01
1.357868297e+01
1.348411604e+01
1.432108330e+01
1.393563888e+01
1.356591097e+01
1.337973527e+01
1.341222202e+01
1.397873438e+01
1.604824286e+01
1.471037374e+01
1.358570776e+01
1.409649841e+01
1.371521581e+01
1.339656688e+01
1.331354059e+01
1.460920695e+01
1.393950715e+01
1.434960465e+01
1.458561731e+01
1.353568262e+01
1.419053031e+01
1.824806063e+01
1.392028321e+01
1.430407237e+01
1.573946504e+01
1.399764342e+01
1.246004649e+01
1.375838723e+01
1.328722548e+01
1.368697440e+01
1.428839466e+01
1.392388657e+01
1.407659706e+01
1.405413850e+01
1.404664091e+01
1.453075822e+01
1.340931112e+01
1.388001623e+01
1.379637758e+01
1.419807047e+01
1.457709211e+01
1.367949490e+01
1.394950246e+01
1.392127823e+01
1.305726976e+01
1.357321288e+01
1.370760135e+01
1.196550665e+01
1.419820542e+01
1.380838994e+01
1.295026397e+01
1.412343553e+01
1.351672536e+01
1.424803219e+01
1.350060164e+01
1.470777161e+01
1.400156906e+01
1.392738231e+01
1.433472249e+01
1.328064519e+01
1.349758135e+01
1.498527384e+01
1.370769212e+01
1.392460048e+01
1.369303160e+01
1.365196080e+01
1.390268531e+01
1.392872540e+01
1.388961394e+01
1.325442105e+01
1.581969605e+01
1.374109035e+01
1.419899779e+01
1.341504318e+01
1.397773667e+01
1.396527611e+01
3.073016666e+01
1.375187878e+01
1.370338435e+01
1.412126666e+01
1.407594355e+01
1.391779868e+01
1.392047335e+01
1.433448530e+01
1.506824425e+01
1.390435206e+01
1.482798750e+01
1.372992243e+01
1.418733188e+01
1.411436252e+01
1.473646429e+01
1.404694992e+01
1.790268219e+01
1.419345846e+01
1.400827261e+01
1.384758593e+01
1.226890326e+01
1.448736796e+01
1.404740425e+01
1.381449450e+01
1.264220423e+01
1.372992583e+01
1.408940425e+01
1.415684855e+01
1.349547927e+01
1.380074328e+01
1.496779079e+01
1.500840915e+01
1.441891925e+01
1.329668560e+01
1.425162220e+01
1.343975082e+01
1.382633331e+01
1.666218118e+01
1.342280999e+01
1.397138139e+01
1.393520902e+01
1.510829478e+01
1.352466999e+01
1.428455414e+01
1.243341099e+01
1.392528357e+01
1.463662610e+01
1.442669179e+01
1.362930877e+01
2.208859576e+01
1.353744440e+01
1.428394635e+01
1.395050569e+01
1.396388886e+01
1.459500503e+01
1.444382890e+01
1.435902794e+01
1.436477243e+01
1.461303366e+01
1.358901675e+01
1.366733077e+01
1.648284010e+01
1.444063485e+01
1.377173420e+01
1.427232515e+01
1.369204936e+01
1.312665361e+01
1.374428038e+01
1.164725773e+01
1.184619673e+01
1.561536214e+01
1.496587346e+01
1.399183233e+01
1.462969969e+01
1.400198797e+01
1.275947158e+01
1.387412667e+01
1.339566790e+01
1.263786665e+01
1.387269849e+01
1.388981892e+01
1.425673505e+01
1.402379510e+01
1.366659898e+01
1.344140728e+01
1.437296324e+01
1.399074907e+01
1.430388159e+01
1.415899061e+01
1.378084162e+01
1.506467043e+01
1.397393487e+01
1.424640191e+01
1.404065541e+01
1.369862631e+01
1.309079880e+01
1.347238704e+01
1.387707372e+01
1.221820776e+01
1.368870281e+01
1.415524593e+01
1.328456960e+01
1.517548187e+01
1.477656714e+01
1.441064029e+01
1.377204511e+01
1.405153944e+01
1.391224986e+01
1.540085425e+01
1.316011138e+01
1.390589204e+01
1.404681586e+01
1.418545437e+01
1.249289160e+01
1.492158391e+01
1.451410956e+01
1.384633981e+01
1.317889589e+01
1.383210516e+01
7.037738638e+00
1.382693335e+01
1.221772131e+01
1.406160840e+01
1.410803325e+01
1.410363052e+01
1.367722813e+01
1.361800729e+01
1.386601363e+01
1.436770887e+01
1.365080908e+01
1.373728307e+01
1.353983156e+01
1.396433593e+01
1.430862493e+01
1.339693721e+01
1.366778337e+01
1.247617045e+01
1.278845170e+01
1.426033865e+01
1.356293237e+01
1.497736286e+01
1.426529305e+01
1.389962933e+01
1.409585927e+01
1.402283850e+01
1.448819001e+01
1.435956169e+01
1.362409145e+01
2.033639253e+01
1.384595982e+01
1.420552063e+01
1.418225830e+01
1.363597709e+01
1.434277969e+01
1.412666420e+01
1.332179725e+01
1.405834200e+01
1.425761662e+01
1.387321003e+01
1.290762065e+01
1.432684301e+01
1.367736655e+01
1.401904955e+01
2.682573293e+01
1.505598550e+01
1.399161953e+01
1.321205639e+01
1.499753858e+01
1.332473068e+01
1.342218010e+01
1.433798344e+01
1.266694053e+01
1.471724721e+01
1.408316926e+01
1.396285785e+01
1.426661364e+01
1.383368090e+01
1.417545650e+01
1.330687211e+01
1.450195516e+01
1.369363542e+01
1.135035370e+01
1.378065596e+01
1.306771130e+01
1.400640291e+01
1.342821970e+01
1.371425662e+01
1.479465064e+01
1.395162987e+01
1.449535020e+01
1.350871814e+01
1.527439849e+01
1.316258952e+01
1.293785613e+01
2.465789758e+01
1.326028278e+01
1.574887066e+01
1.376769248e+01
1.370494300e+01
1.340409324e+01
1.442413033e+01
1.434696244e+01
1.369469642e+01
1.353952076e+01
1.359536458e+01
1.376501858e+01
1.338562793e+01
1.506102387e+01
1.265719559e+01
1.291043745e+01
1.338061096e+01
1.515431054e+01
1.574057303e+01
1.369575554e+01
1.525825111e+01
1.403796649e+01
1.379374848e+01
1.365772793e+01
1.313113247e+01
1.331251989e+01
1.399190896e+01
1.301987586e+01
1.430260660e+01
1.432145113e+01
1.348086122e+01
1.391381456e+01
1.399321459e+01
1.427481689e+01
1.364735503e+01
1.272295044e+01
1.375428753e+01
1.500915364e+01
1.382049500e+01
1.360740223e+01
1.462105208e+01
1.443847250e+01
1.334985802e+01
1.407577878e+01
1.302198094e+01
1.045660313e+01
1.193498760e+01
1.349124841e+01
1.365020314e+01
1.406102824e+01
1.393755077e+01
1.406144620e+01
1.393881305e+01
1.395167930e+01
1.361374579e+01
1.345357494e+01
1.379985449e+01
1.367474372e+01
1.351710811e+01
1.416800089e+01
1.458851301e+01
1.460940973e+01
1.365365052e+01
1.456630783e+01
1.318842565e+01
1.425839490e+01
1.598777206e+01
1.389880859e+01
1.447849752e+01
1.498183135e+01
1.451358426e+01
1.449324430e+01
1.499642133e+01
1.500656443e+01
1.457337866e+01
1.382713269e+01
1.406335136e+01
1.413018259e+01
1.364977355e+01
2.287366040e+01
1.453392393e+01
1.380979705e+01
1.359084480e+01
1.370626802e+01
1.340523707e+01
1.306886568e+01
1.433490242e+01
1.384177306e+01
1.433394005e+01
1.577991739e+01
1.412399590e+01
1.398546128e+01
1.385973254e+01
1.373997396e+01
1.385840500e+01
1.389230137e+01
1.404430612e+01
1.404128133e+01
1.436125121e+01
1.382702032e+01
1.408162777e+01
1.478805556e+01
1.395602212e+01
1.421566712e+01
1.443073085e+01
1.482205795e+01
1.447901772e+01
1.394496014e+01
1.383800155e+01
1.411494824e+01
1.297311683e+01
1.378595695e+01
1.379053972e+01
1.347761196e+01
1.504970067e+01
1.397843903e+01
1.371896334e+01
1.347694401e+01
1.475933475e+01
1.452476528e+01
1.378478269e+01
1.414655986e+01
1.383238618e+01
1.424843782e+01
1.333568892e+01
1.547682390e+01
1.208107088e+01
1.381347255e+01
1.281144787e+01
1.382338674e+01
1.364223058e+01
1.328386940e+01
1.157114971e+01
1.387511521e+01
1.400753445e+01
1.331576728e+01
1.214058275e+01
1.265550333e+01
1.490563224e+01
1.385529920e+01
1.431767400e+01
1.265643045e+01
1.422605725e+01
1.350093904e+01
1.387833392e+01
1.336336145e+01
1.413794817e+01
1.300420815e+01
1.438580930e+01
1.352281114e+01
1.417356240e+01
1.422599506e+01
1.339324340e+01
1.308352286e+01
1.400771253e+01
1.375795850e+01
1.465513970e+01
1.398804640e+01
1.450644341e+01
1.400322862e+01
1.326294840e+01
1.332066920e+01
1.384257110e+01
1.370006661e+01
1.423773206e+01
1.530981135e+01
1.328241167e+01
1.448677029e+01
1.286615756e+01
1.488885263e+01
1.420731894e+01
1.350789595e+01
1.362645728e+01
1.376896620e+01
1.389730528e+01
1.445873663e+01
1.393922415e+01
1.183978314e+01
1.428100066e+01
1.413405310e+01
1.384965098e+01
1.354628228e+01
1.422310633e+01
1.431373926e+01
1.383577386e+01
1.383958477e+01
1.465617757e+01
1.456742497e+01
1.425993316e+01
1.387942051e+01
1.248597510e+01
1.393092893e+01
1.416132446e+01
1.864059729e+01
1.412156843e+01
1.432947099e+01
1.538084615e+01
1.407452982e+01
1.329195190e+01
1.261772199e+01
1.390098022e+01
1.486293415e+01
1.438208556e+01
1.353284621e+01
1.345733630e+01
1.475728222e+01
1.495269403e+01
1.353239006e+01
1.477498906e+01
1.380832978e+01
4.882500727e+01
1.466831911e+01
1.391750145e+01
1.394749036e+01
1.860490886e+01
1.445209806e+01
1.422278688e+01
1.372155672e+01
1.436034164e+01
1.312330238e+01
1.414547451e+01
1.363528058e+01
1.344814099e+01
1.389127867e+01
1.222704258e+01
1.402599025e+01
1.589559097e+01
1.358603035e+01
1.482161730e+01
1.563809419e+01
1.479030336e+01
1.335087895e+01
1.409323367e+01
1.428658521e+01
1.367691982e+01
1.466910418e+01
1.333799835e+01
1.422124845e+01
1.394478565e+01
1.359238072e+01
1.368709009e+01
1.361800809e+01
1.430825395e+01
1.385669737e+01
1.363533493e+01
1.451411611e+01
1.364641396e+01
1.354491463e+01
1.329050003e+01
1.472409645e+01
1.355312704e+01
1.446906835e+01
1.353642454e+01
1.400689585e+01
1.385850724e+01
1.599799546e+01
1.374999482e+01
1.485533722e+01
1.431540760e+01
1.389798643e+01
1.470741671e+01
1.300060923e+01
1.397897387e+01
1.494395386e+01
1.282915045e+01
1.329935700e+01
1.327496479e+01
1.488481695e+01
1.926199775e+01
1.404594556e+01
1.475330327e+01
1.393840543e+01
1.418574438e+01
1.379195012e+01
1.351294606e+01
1.484317462e+01
1.428939495e+01
1.387250618e+01
1.546618212e+01
1.362097246e+01
1.390028257e+01
1.303499751e+01
1.367942731e+01
1.449209406e+01
1.369606949e+01
1.386851342e+01
1.382357755e+01
1.443450819e+01
1.400363599e+01
1.528726099e+01
1.637503494e+01
1.918125934e+01
1.551689168e+01
1.414372447e+01
1.418625147e+01
1.355695343e+01
1.456166436e+01
2.054218088e+01
1.417914924e+01
1.362234218e+01
1.421854429e+01
1.371067962e+01
1.318672407e+01
1.387499520e+01
1.422028187e+01
1.389635277e+01
1.287733534e+01
1.347205118e+01
1.192234741e+01
1.414971336e+01
1.395864010e+01
1.341908383e+01
1.450186847e+01
1.588673651e+01
1.392769774e+01
1.375268026e+01
1.395047155e+01
1.305924458e+01
1.453095561e+01
1.290754779e+01
1.437148264e+01
1.430721836e+01
1.197489653e+01
1.408314193e+01
9.964402549e+00
1.441152872e+01
1.379892908e+01
1.461969414e+01
1.426806699e+01
1.325537409e+01
1.360542014e+01
1.431878656e+01
1.377512735e+01
1.380667718e+01
1.298445319e+01
1.401330136e+01
1.411285162e+01
1.369441674e+01
1.390864305e+01
1.289824562e+01
1.364939967e+01
1.394537490e+01
1.434715143e+01
1.359753651e+01
1.404957512e+01
1.519696653e+01
1.396944178e+01
1.403685556e+01
1.291425752e+01
1.379388317e+01
1.414277202e+01
1.401145158e+01
1.491719136e+01
1.367849629e+01
1.330301405e+01
1.404994386e+01
1.397924816e+01
1.391249630e+01
1.325357060e+01
1.351250913e+01
1.331999585e+01
1.294886257e+01
1.399868116e+01
1.408809305e+01
1.370113509e+01
1.343751975e+01
1.242911318e+01
1.437852986e+01
1.400528924e+01
1.407626794e+01
1.356780448e+01
1.845365112e+01
1.362618048e+01
1.409987075e+01
1.542042234e+01
1.057197011e+01
1.404359855e+01
1.376705816e+01
1.400939514e+01
1.364033903e+01
1.426121544e+01
1.407192160e+01
1.373465443e+01
1.386493274e+01
1.431763664e+01
1.145658307e+01
1.452816655e+01
1.549394338e+01
1.436778023e+01
1.345487049e+01
1.426936136e+01
1.304069023e+01
1.390442631e+01
1.441730682e+01
1.582323921e+01
1.308665601e+01
1.390294496e+01
1.593681291e+01
1.413570288e+01
1.335484049e+01
1.483457029e+01
1.348833724e+01
1.474986189e+01
1.407801923e+01
1.354838048e+01
1.403248200e+01
1.442892327e+01
1.389180847e+01
2.191319905e+01
1.061868947e+01
1.341366878e+01
1.515229447e+01
1.380796626e+01
1.336032678e+01
1.430160767e+01
1.444071428e+01
1.342407703e+01
1.471139709e+01
1.354018177e+01
1.255123640e+01
1.389071149e+01
1.376667678e+01
1.477682259e+01
1.391770057e+01
1.353477914e+01
1.399785309e+01
1.426588563e+01
1.406947809e+01
1.361169076e+01
1.691466472e+01
1.367947049e+01
1.533307373e+01
1.383496392e+01
1.345990248e+01
1.273352025e+01
1.507164371e+01
1.396308744e+01
1.369058207e+01
1.610122376e+01
1.410111721e+01
1.385557921e+01
1.280841112e+01
1.394899241e+01
1.432949745e+01
1.435522240e+01
1.420111612e+01
1.411040325e+01
1.355769862e+01
1.410993458e+01
1.405926285e+01
1.372395137e+01
1.455625607e+01
1.407544174e+01
1.385053920e+01
1.329896870e+01
1.427912723e+01
1.391806017e+01
1.421364981e+01
1.365396072e+01
1.428795933e+01
1.374674851e+01
1.385756510e+01
1.373697230e+01
1.368559583e+01
1.366566713e+01
1.447733986e+01
1.403202646e+01
1.320984316e+01
1.327200176e+01
1.365362788e+01
1.420688717e+01
1.352049683e+01
1.407457291e+01
1.342655825e+01
1.363714581e+01
1.433589311e+01
1.332375944e+01
1.420950431e+01
1.102986002e+01
9.974579220e+00
1.060733140e+01
2.011497041e+01
1.192880086e+01
1.121543363e+01
1.075778539e+01
1.012194679e+01
1.269511506e+01
9.324412946e+00
9.060324288e+00
1.068711795e+01
1.056666231e+01
1.074007091e+01
1.213373986e+01
1.143540180e+01
1.063238855e+01
1.143486507e+01
1.087214397e+01
1.254453246e+01
1.280916353e+01
1.123475664e+01
1.176791794e+01
9.702759844e+00
1.074864493e+01
1.113558887e+01
1.227055983e+01
1.218057953e+01
1.086660065e+01
1.102744781e+01
1.060926871e+01
1.006707047e+01
9.993385469e+00
1.251725047e+01
1.038117093e+01
1.015316647e+01
1.133511117e+01
1.011348719e+01
1.140989464e+01
1.060077383e+01
1.089539737e+01
1.063423308e+01
1.054915009e+01
1.020619459e+01
1.047414692e+01
1.056385909e+01
1.097839150e+01
8.822436196e+00
8.807528364e+00
1.005006830e+01
8.662259001e+00
1.137165093e+01
1.073690730e+01
1.166396541e+01
1.139027674e+01
1.103034244e+01
1.104754315e+01
1.064769049e+01
1.140162118e+01
1.113586703e+01
1.138267739e+01
1.232748792e+01
1.111146164e+01
8.124232766e+00
1.077991815e+01
1.077988670e+01
8.671654485e+00
1.139888843e+01
9.376400827e+00
1.065294366e+01
1.079969378e+01
1.029400122e+01
1.143574936e+01
1.241103946e+01
1.130490915e+01
1.140122220e+01
1.021554929e+01
8.686422997e+00
1.024272945e+01
9.918782025e+00
9.876196256e+00
1.035354395e+01
1.100089376e+01
1.053795486e+01
1.114576831e+01
1.124005480e+01
1.026071128e+01
1.078372787e+01
1.158259017e+01
9.913595769e+00
1.070311184e+01
1.077990893e+01
1.138062960e+01
1.090760575e+01
1.072234956e+01
1.097344624e+01
1.145602024e+01
9.759495764e+00
9.461280726e+00
1.066406923e+01
9.950121864e+00
1.001649271e+01
1.028669084e+01
1.247539126e+01
1.044628224e+01
1.127469345e+01
1.093735797e+01
1.030863246e+01
1.105615369e+01
1.110518955e+01
1.016849181e+01
1.085871276e+01
1.030368973e+01
1.028050412e+01
1.038232549e+01
1.042503149e+01
1.002890078e+01
9.258163795e+00
9.033801123e+00
9.458438760e+00
1.106845325e+01
1.151783915e+01
8.431828978e+00
9.676090873e+00
1.116286915e+01
1.254309019e+01
1.233618862e+01
1.032233762e+01
1.024259610e+01
1.049316215e+01
1.422348212e+01
9.850796105e+00
1.168085891e+01
1.126294811e+01
1.153340816e+01
9.320989954e+00
1.116426023e+01
1.115138374e+01
1.043834203e+01
1.018557069e+01
1.063504908e+01
9.196770410e+00
1.096371041e+01
1.147046217e+01
1.461345198e+01
9.911124719e+00
1.134163150e+01
1.039995416e+01
1.087000338e+01
1.060541195e+01
9.029990766e+00
1.081169925e+01
1.100786781e+01
1.033938972e+01
1.232055233e+01
1.076524056e+01
9.574479485e+00
9.751879575e+00
1.222264029e+01
1.085981787e+01
1.452205592e+01
1.044738658e+01
1.119980201e+01
1.053665592e+01
1.008124841e+01
9.433327948e+00
9.474778559e+00
1.051130993e+01
9.775178709e+00
1.131874973e+01
1.099749606e+01
1.200989001e+01
1.076262738e+01
1.246090643e+01
1.101947663e+01
1.098298865e+01
1.112691178e+01
9.883791262e+00
1.114793324e+01
8.504921016e+00
1.352863254e+01
1.047724778e+01
1.011197831e+01
1.074695164e+01
1.126913449e+01
1.054949144e+01
1.024100358e+01
1.002733732e+01
1.069663874e+01
1.105309329e+01
1.070273111e+01
1.132678921e+01
1.205730981e+01
1.093973921e+01
1.143331042e+01
1.074165383e+01
1.007404773e+01
1.191194640e+01
1.252724574e+01
1.106927203e+01
8.697636255e+00
1.123395181e+01
1.274444934e+01
1.328627628e+01
1.375447217e+01
1.007673597e+01
1.230713614e+01
1.222829316e+01
1.080218045e+01
1.179675281e+01
1.223961039e+01
1.058532493e+01
1.036798164e+01
1.093332295e+01
1.233294878e+01
1.077971919e+01
1.059045061e+01
1.015163947e+01
1.112866402e+01
9.577056150e+00
1.067078745e+01
9.759531406e+00
1.135616534e+01
1.088504222e+01
1.068732419e+01
1.118121627e+01
1.128651233e+01
1.012968448e+01
1.110768525e+01
1.062444412e+01
8.285676455e+00
1.634424144e+01
1.086632639e+01
1.280180894e+01
1.144587388e+01
1.126109503e+01
1.077060310e+01
9.878715661e+00
1.105970292e+01
1.031417251e+01
1.100422427e+01
9.876116362e+00
9.843843260e+00
1.237637441e+01
1.083733293e+01
1.044878635e+01
1.134456061e+01
9.988356365e+00
8.632644870e+00
1.094807959e+01
1.061208047e+01
1.196146058e+01
1.066370370e+01
1.105553856e+01
1.118954241e+01
1.043834229e+01
1.140903555e+01
9.445933947e+00
1.018035575e+01
1.077193395e+01
1.298467379e+01
1.231158402e+01
1.083064157e+01
1.004366469e+01
9.905835912e+00
9.423143527e+00
1.074338435e+01
1.128573854e+01
1.122587837e+01
1.041145464e+01
1.085339773e+01
1.007537245e+01
1.105860808e+01
1.364881733e+01
9.876541974e+00
1.180565086e+01
1.225833646e+01
1.096506520e+01
9.807279190e+00
9.570329058e+00
9.731782626e+00
1.048054115e+01
1.129993266e+01
1.146201554e+01
1.047959652e+01
1.169027328e+01
1.066914628e+01
1.124705727e+01
1.079994749e+01
1.065912828e+01
1.118323016e+01
1.056681738e+01
1.064033673e+01
1.100228672e+01
1.054644460e+01
1.129522395e+01
9.607907320e+00
1.109136863e+01
1.182960015e+01
8.712168171e+00
1.123458106e+01
1.133790585e+01
8.755354903e+00
1.073553629e+01
9.436573731e+00
1.122333146e+01
1.064491698e+01
1.139927128e+01
1.091258931e+01
1.042070342e+01
1.048998663e+01
1.042186783e+01
1.010479355e+01
1.083902841e+01
1.038784863e+01
1.119509009e+01
1.114109071e+01
1.107695697e+01
1.059443896e+01
1.044287577e+01
1.000360004e+01
8.538488417e+00
1.251877027e+01
1.152775404e+01
1.077196134e+01
1.052307571e+01
1.110094308e+01
1.018461812e+01
4.376305753e+01
1.052713542e+01
1.110358625e+01
1.012528053e+01
1.090260349e+01
1.029902218e+01
1.140385562e+01
1.073395524e+01
1.195502296e+01
1.118410174e+01
1.116057923e+01
1.095330752e+01
1.029216991e+01
1.021610391e+01
1.105371844e+01
1.035647216e+01
1.542358368e+01
1.108843060e+01
1.066560369e+01
9.893749668e+00
9.735973025e+00
1.123429966e+01
1.100851467e+01
1.106779224e+01
1.030127061e+01
9.540045244e+00
9.866477935e+00
1.082558799e+01
8.999339564e+00
1.054340887e+01
1.097431278e+01
1.230080512e+01
1.224962129e+01
1.053502218e+01
1.160165687e+01
1.056834688e+01
1.116441436e+01
1.239441929e+01
9.066579603e+00
1.191515341e+01
1.077307999e+01
1.327833987e+01
1.000681153e+01
1.057116075e+01
9.833084916e+00
1.251952576e+01
1.216478665e+01
1.119040036e+01
1.041256851e+01
2.317454794e+01
1.064792384e+01
1.225624839e+01
1.080783881e+01
1.100273407e+01
1.225377967e+01
9.993568335e+00
1.032738600e+01
1.180106634e+01
1.157357452e+01
1.179171129e+01
9.140278205e+00
1.303621490e+01
1.270384529e+01
1.143230730e+01
1.005940630e+01
1.057850528e+01
1.061526564e+01
1.092314518e+01
8.124811016e+00
1.021696220e+01
1.415012163e+01
1.233726538e+01
1.082504233e+01
1.250459408e+01
1.116549036e+01
9.486730893e+00
1.106702211e+01
1.036400371e+01
1.011106529e+01
1.146484633e+01
1.110921635e+01
1.063043761e+01
8.852979200e+00
1.073658595e+01
9.513935378e+00
9.250724690e+00
1.096812805e+01
1.124431858e+01
1.201045593e+01
1.106121053e+01
1.348019448e+01
1.143116297e+01
1.138560563e+01
1.082515588e+01
1.106974642e+01
9.386029838e+00
1.059591256e+01
1.079320556e+01
9.433912426e+00
1.087998849e+01
9.748273810e+00
1.050323547e+01
1.244225293e+01
1.232559379e+01
1.136059301e+01
1.060946080e+01
1.254465137e+01
9.309664319e+00
1.219056939e+01
1.034451564e+01
1.005613410e+01
1.109171257e+01
1.295835654e+01
9.452288464e+00
1.150618288e+01
1.077583708e+01
1.046270572e+01
1.110446873e+01
1.044539970e+01
6.638414086e+00
1.016939334e+01
9.397588722e+00
1.137068950e+01
1.119985983e+01
1.090200332e+01
9.753038254e+00
1.080300675e+01
1.033480268e+01
1.212211287e+01
1.101824823e+01
1.147259508e+01
1.044506328e+01
1.059223291e+01
1.072504861e+01
9.599919705e+00
9.410678422e+00
9.809875198e+00
1.030809223e+01
1.086446994e+01
1.038215218e+01
1.284682918e+01
1.013717662e+01
9.164880405e+00
9.885281249e+00
1.115833208e+01
1.150524811e+01
1.151443712e+01
1.145376429e+01
2.421772311e+01
1.057770867e+01
1.190863080e+01
1.105779190e+01
1.119448224e+01
1.080574088e+01
1.099942607e+01
1.014254027e+01
1.044330148e+01
1.091659756e+01
1.086336021e+01
1.009705722e+01
1.154169281e+01
1.148919333e+01
1.002740880e+01
3.512271232e+01
1.222542066e+01
1.057799240e+01
9.132737201e+00
1.140568272e+01
1.039263827e+01
1.058919040e+01
1.118950032e+01
8.863791793e+00
1.124333913e+01
1.025481094e+01
1.125121262e+01
1.083544358e+01
1.120897701e+01
1.154210649e+01
1.082387841e+01
1.113864196e+01
1.124175077e+01
8.169729843e+00
1.177041439e+01
8.863115346e+00
9.371225948e+00
1.019905412e+01
1.081554442e+01
1.207114327e+01
1.153630413e+01
1.291010623e+01
1.026376474e+01
1.182747026e+01
9.938268220e+00
8.976003036e+00
3.019347037e+01
1.028752960e+01
1.356387598e+01
1.265752788e+01
1.071605212e+01
1.047574012e+01
1.101695506e+01
1.109882112e+01
1.063693535e+01
1.130716387e+01
1.075356501e+01
1.116422424e+01
9.634568174e+00
1.267479819e+01
1.053400632e+01
1.038942481e+01
1.073472171e+01
1.258895524e+01
1.292349545e+01
1.172288384e+01
1.173699743e+01
1.063529485e+01
8.809935880e+00
1.117391316e+01
1.013480007e+01
9.512277109e+00
1.075387528e+01
1.026591819e+01
1.112510570e+01
1.191257040e+01
1.024707966e+01
1.035305026e+01
1.013956272e+01
1.119264997e+01
1.045643368e+01
1.019271017e+01
1.087286352e+01
1.176021712e+01
1.090966760e+01
9.777959391e+00
1.286622117e+01
1.039306107e+01
1.036815398e+01
1.032058856e+01
1.118865534e+01
7.277980254e+00
1.110514026e+01
1.082560041e+01
1.091967839e+01
1.073168350e+01
1.164425364e+01
1.051366456e+01
1.049933303e+01
9.987636398e+00
1.056577294e+01
9.715445450e+00
1.114382998e+01
1.053507985e+01
1.035620096e+01
1.075216074e+01
1.197678653e+01
1.055982532e+01
1.064218383e+01
1.090912083e+01
1.128301152e+01
1.040211527e+01
1.320856613e+01
1.084986730e+01
1.030752176e+01
1.118193685e+01
1.034576628e+01
1.267502096e+01
1.195488734e+01
1.201904812e+01
1.160157011e+01
1.101299417e+01
1.076128728e+01
1.035681222e+01
1.161932523e+01
1.492194066e+01
1.056722022e+01
1.153115193e+01
1.035825477e+01
1.126541523e+01
1.104438732e+01
1.070744261e+01
1.185636281e+01
1.103095624e+01
1.273158235e+01
1.151764335e+01
1.099496239e+01
1.024540398e+01
9.258671047e+00
1.121832872e+01
1.161003077e+01
1.003322360e+01
1.088727929e+01
1.118664008e+01
1.281621801e+01
1.100957953e+01
1.180312281e+01
1.129076846e+01
1.071890647e+01
1.158929952e+01
1.181851644e+01
1.190013758e+01
1.190600423e+01
1.210169673e+01
1.103144010e+01
1.112741035e+01
1.047062364e+01
1.000250448e+01
1.051970549e+01
1.157448202e+01
1.135369572e+01
1.095629995e+01
1.064743091e+01
1.098587429e+01
1.086329209e+01
1.144209042e+01
9.847404935e+00
1.162916755e+01
1.059354314e+01
1.195593274e+01
9.843733405e+00
1.353983218e+01
8.574123921e+00
1.081580538e+01
8.786924090e+00
9.548451838e+00
1.188442331e+01
1.065146778e+01
8.538760821e+00
1.148937159e+01
1.086149407e+01
9.316766942e+00
8.397499536e+00
9.523475661e+00
1.165107078e+01
1.124549498e+01
1.030065447e+01
9.808812753e+00
1.073162697e+01
9.934504307e+00
9.862081970e+00
9.913214760e+00
1.062145700e+01
9.504926034e+00
1.136454244e+01
1.028206761e+01
1.010173360e+01
9.804925607e+00
1.053324767e+01
9.078994545e+00
1.071985341e+01
1.103962115e+01
1.144353083e+01
1.151245195e+01
1.184687313e+01
1.060300432e+01
8.799512132e+00
1.059001557e+01
1.049956126e+01
1.101141757e+01
1.045492486e+01
1.186341674e+01
9.926019407e+00
1.101956013e+01
8.672134114e+00
1.207268017e+01
1.064551223e+01
1.033671864e+01
9.811069344e+00
1.031301993e+01
1.045051724e+01
1.268755347e+01
1.164003625e+01
8.808725195e+00
1.065728918e+01
9.723413538e+00
1.088717222e+01
1.073296433e+01
1.019803868e+01
1.126733647e+01
1.181859092e+01
1.171827352e+01
1.039821885e+01
1.157750919e+01
1.124181262e+01
1.103996683e+01
8.928445437e+00
1.093864109e+01
1.107095865e+01
1.852957727e+01
9.635561666e+00
1.005241052e+01
1.130529224e+01
1.063473836e+01
9.789850853e+00
9.785312914e+00
1.113069200e+01
1.203316320e+01
1.154554916e+01
1.124418462e+01
9.291104240e+00
1.216188744e+01
1.240682027e+01
1.015192861e+01
1.134379414e+01
8.857544445e+00
5.949368337e+01
1.286561966e+01
1.099711668e+01
1.056720276e+01
1.320623110e+01
1.114190909e+01
1.063580781e+01
1.124647415e+01
1.114344449e+01
1.033482801e+01
1.106545821e+01
9.791222547e+00
9.840036346e+00
9.394234182e+00
9.385939094e+00
1.083862156e+01
1.263541702e+01
8.786464912e+00
1.214480334e+01
1.383892766e+01
1.148889214e+01
1.132757591e+01
1.117459397e+01
1.248630731e+01
1.123623478e+01
1.146427197e+01
1.012503765e+01
1.022138129e+01
1.035830288e+01
1.123968796e+01
9.163281139e+00
1.161733934e+01
1.046983251e+01
1.165880005e+01
9.922456356e+00
1.104521216e+01
1.013224528e+01
9.067426967e+00
1.041533754e+01
1.243976582e+01
1.027985449e+01
1.126704866e+01
1.143083180e+01
1.061488355e+01
1.121022605e+01
1.304397977e+01
1.196034418e+01
1.270362354e+01
9.621054835e+00
1.054521426e+01
1.248150909e+01
1.043029324e+01
1.260728247e+01
1.085048527e+01
9.591304468e+00
9.995900513e+00
1.137708588e+01
1.132855527e+01
1.764099032e+01
1.022578193e+01
1.112486542e+01
1.053804413e+01
1.190644372e+01
1.136772705e+01
1.181255925e+01
1.264258081e+01
9.917119363e+00
1.068914418e+01
1.367702449e+01
1.128722961e+01
1.102266502e+01
1.001054512e+01
1.065369570e+01
1.081295267e+01
1.111429854e+01
1.111541520e+01
1.153202240e+01
1.129264482e+01
9.532378018e+00
1.266235020e+01
1.404428906e+01
1.297660099e+01
1.262696635e+01
1.137955534e+01
9.484403663e+00
1.091090904e+01
1.058103388e+01
1.830794598e+01
1.091835489e+01
1.079611253e+01
1.043557190e+01
1.049392077e+01
9.615660800e+00
1.039879873e+01
1.064335039e+01
1.076092778e+01
1.051056017e+01
9.832874157e+00
8.907504364e+00
1.042967110e+01
1.055795438e+01
1.029923035e+01
1.236691193e+01
1.225745926e+01
1.092534382e+01
9.117794783e+00
1.138293207e+01
1.063616760e+01
1.123324918e+01
1.024321033e+01
1.165499010e+01
1.104771357e+01
9.092969194e+00
1.065830696e+01
7.782171994e+00
1.178186491e+01
1.126551967e+01
1.095162628e+01
1.023625109e+01
1.054786406e+01
1.137433042e+01
1.155278336e+01
1.010840642e+01
9.805902419e+00
9.694803855e+00
1.014684760e+01
1.052697542e+01
1.105142167e+01
1.047710319e+01
9.232978229e+00
1.087199090e+01
1.078019005e+01
1.055426346e+01
1.087985546e+01
1.098391402e+01
1.178328540e+01
9.818169789e+00
1.093519228e+01
9.913692118e+00
1.026263029e+01
1.091082678e+01
1.017994099e+01
1.245988265e+01
1.046112330e+01
1.052744226e+01
1.077565501e+01
1.069117527e+01
9.640559520e+00
9.217752475e+00
1.115090758e+01
1.070104406e+01
9.400361348e+00
1.099367915e+01
1.056836339e+01
1.130404414e+01
1.140852451e+01
1.003366190e+01
1.065381737e+01
9.936495376e+00
1.138423276e+01
1.036337020e+01
1.641424617e+01
1.114465438e+01
1.069765643e+01
1.207601572e+01
8.327792060e+00
1.143610315e+01
1.006551475e+01
1.037779847e+01
1.006419207e+01
1.144505403e+01
1.015961113e+01
9.796037782e+00
1.073121934e+01
1.159847481e+01
7.605752642e+00
1.230171206e+01
1.281501114e+01
1.159653866e+01
9.939018768e+00
1.118358133e+01
8.270193149e+00
1.047841172e+01
1.164563351e+01
1.204962294e+01
9.609715136e+00
1.050948192e+01
1.347019347e+01
1.193368507e+01
1.035432722e+01
1.111739441e+01
1.095582995e+01
1.267091711e+01
1.034559265e+01
1.104636882e+01
1.150577403e+01
1.009725647e+01
1.088110985e+01
2.036498369e+01
9.775517303e+00
1.105836313e+01
1.119545074e+01
1.021801728e+01
1.024049279e+01
9.968975101e+00
1.170238971e+01
9.404879584e+00
1.141717837e+01
1.115842815e+01
8.256771191e+00
9.659456646e+00
1.063608850e+01
1.131708186e+01
1.158567778e+01
1.033995737e+01
1.121067938e+01
1.177936449e+01
1.096934039e+01
1.013648577e+01
1.724679293e+01
1.140848469e+01
1.380011948e+01
1.099078845e+01
1.003917340e+01
9.564915279e+00
1.167406433e+01
1.013885285e+01
1.063448975e+01
1.309912230e+01
1.074180336e+01
1.056579191e+01
9.930385966e+00
1.134904791e+01
1.051005928e+01
1.167430374e+01
1.186014252e+01
1.047280269e+01
9.750472720e+00
1.045891793e+01
1.077038835e+01
1.055816373e+01
1.131173091e+01
1.095545178e+01
1.019467014e+01
9.766612820e+00
1.071833553e+01
1.031614215e+01
1.064622906e+01
1.035951755e+01
1.060399557e+01
1.103724783e+01
1.095989357e+01
1.053855715e+01
1.160313605e+01
1.137632421e+01
1.167375274e+01
1.079292967e+01
1.065406958e+01
9.924403144e+00
1.078606729e+01
1.198083852e+01
1.102926360e+01
1.093347466e+01
1.142790781e+01
1.085754933e+01
1.108975098e+01
8.739493389e+00
1.083618286e+01
1.492140694e+01
1.204636519e+01
1.401107558e+01
1.729773760e+01
1.661196815e+01
1.459418209e+01
1.336492009e+01
1.298653190e+01
1.480280516e+01
1.207679285e+01
1.309553699e+01
1.265656881e+01
1.426283098e+01
1.384912950e+01
1.544326618e+01
1.635546488e+01
1.197309581e+01
1.369627306e+01
1.271414767e+01
1.574344170e+01
1.720897569e+01
1.420892022e+01
1.617374379e+01
1.252139888e+01
1.561361269e+01
1.433518568e+01
1.402647024e+01
1.574310548e+01
1.468744602e+01
1.705649363e+01
1.412676387e+01
1.154774590e+01
1.210447306e+01
1.487910167e+01
1.299162928e+01
1.275627954e+01
1.652906615e+01
1.203447509e+01
1.627937445e+01
1.367202545e+01
1.448736231e+01
1.418230054e+01
1.272029666e+01
1.392108299e+01
1.408832329e+01
1.386007103e+01
1.541111005e+01
1.212042766e+01
1.210025202e+01
1.338031779e+01
1.193121921e+01
1.535978340e+01
1.366381908e+01
1.608737825e+01
1.507811533e+01
1.566950081e+01
1.616656430e+01
1.367942784e+01
1.371358817e+01
1.575642152e+01
1.609153849e+01
1.484584340e+01
1.375493772e+01
1.299674035e+01
1.454037157e+01
1.377548391e+01
1.278730668e+01
1.514163253e+01
1.191090263e+01
1.263845646e+01
1.545592426e+01
1.219725863e+01
1.521458791e+01
1.485424640e+01
1.501927948e+01
1.545978995e+01
1.473418953e+01
1.107352120e+01
1.300871371e+01
1.377905157e+01
1.248227676e+01
1.414677221e+01
1.470196596e+01
1.263096028e+01
1.410197912e+01
1.500430714e+01
1.196239746e+01
1.390231876e+01
1.640798683e+01
1.282194787e+01
1.395579591e+01
1.275631943e+01
1.545388680e+01
1.486451094e+01
1.390754523e+01
1.541423741e+01
1.724160502e+01
1.221373314e+01
7.278578044e+00
1.350154615e+01
1.178227343e+01
1.336679671e+01
1.239787682e+01
1.676156779e+01
1.290667739e+01
1.596847149e+01
1.453450643e+01
1.276243877e+01
1.507433048e+01
1.310385506e+01
1.208188836e+01
1.429582933e+01
1.449507408e+01
1.343755130e+01
1.474941857e+01
1.473577898e+01
1.283661962e+01
1.222818476e+01
1.198708165e+01
1.202212037e+01
1.602995465e+01
1.583388685e+01
1.211906940e+01
1.222371692e+01
1.492384020e+01
1.676497831e+01
1.651120766e+01
1.327783727e+01
1.380347268e+01
1.325154524e+01
2.238670017e+01
1.231512227e+01
1.568055621e+01
1.580401016e+01
1.567502196e+01
1.173065994e+01
1.357798327e+01
1.523902438e+01
1.245673353e+01
1.337739833e+01
1.419151826e+01
1.214103032e+01
1.403600572e+01
1.606411129e+01
1.723318714e+01
1.367217381e+01
1.538894980e+01
1.475131873e+01
1.456566478e+01
1.297289070e+01
1.250281917e+01
1.402048639e+01
1.501857188e+01
1.422847287e+01
1.644092173e+01
1.484095864e+01
1.271682854e+01
1.317913688e+01
1.467130283e+01
1.388907514e+01
1.485094054e+01
1.433769953e+01
1.396249179e+01
1.410903890e+01
1.543675693e+01
1.335460209e+01
1.102958787e+01
1.176682074e+01
1.258254468e+01
1.578981023e+01
1.569822126e+01
1.589838783e+01
1.484414973e+01
1.523863509e+01
1.627579138e+01
1.449015431e+01
1.443587242e+01
1.242124324e+01
1.450301708e+01
1.183306206e+01
1.528792748e+01
1.451613249e+01
1.542462809e+01
1.417964871e+01
1.508183143e+01
1.290982517e+01
1.307371164e+01
1.234173885e+01
1.424132716e+01
1.433551310e+01
1.372365432e+01
1.473222243e+01
1.386819131e+01
1.632624479e+01
1.440460909e+01
1.408264858e+01
1.437902352e+01
1.493993292e+01
1.518051914e+01
1.712766129e+01
1.369357281e+01
1.500442231e+01
1.600468618e+01
1.714860800e+01
1.686816264e+01
1.312792235e+01
1.440260176e+01
1.594500540e+01
1.436808588e+01
1.523046605e+01
1.448714173e+01
1.369667647e+01
1.441833049e+01
1.465785303e+01
1.487239880e+01
1.436919466e+01
1.182079890e+01
1.243471339e+01
1.600529790e+01
1.337346663e+01
1.196822750e+01
1.465934004e+01
1.537795421e+01
1.459059606e+01
1.365570064e+01
1.469619044e+01
1.519306247e+01
1.459021888e+01
1.459902008e+01
1.587960439e+01
1.340086021e+01
1.437033040e+01
1.360372521e+01
1.599187304e+01
1.629246730e+01
1.553580682e+01
1.547034661e+01
1.279771189e+01
1.387790033e+01
1.298777169e+01
1.573898015e+01
1.335475489e+01
1.338488292e+01
1.638160173e+01
1.330048722e+01
1.557262740e+01
1.248852655e+01
1.272158593e+01
1.250996012e+01
1.552972390e+01
1.464391228e+01
1.578588596e+01
1.510607482e+01
1.566663516e+01
1.412550023e+01
1.285475896e+01
1.623152493e+01
1.242435174e+01
1.388525211e+01
1.496841533e+01
1.774066471e+01
1.657009295e+01
1.526896473e+01
1.235552364e+01
1.359116037e+01
1.275245105e+01
1.411220693e+01
1.625975430e+01
1.546008557e+01
1.324144639e+01
1.322571266e+01
1.264750139e+01
1.395029147e+01
1.978345145e+01
1.344794997e+01
1.482578006e+01
1.760493233e+01
1.227711624e+01
1.239386690e+01
1.370071574e+01
1.196792750e+01
1.497901643e+01
1.522401585e+01
1.568628933e+01
1.301379830e+01
1.350554292e+01
1.545564313e+01
1.606779151e+01
1.273644041e+01
1.391054177e+01
1.587633381e+01
1.307247569e+01
1.425949971e+01
1.506543746e+01
1.269480074e+01
1.335074129e+01
1.482340468e+01
1.492871759e+01
1.567065734e+01
1.235094243e+01
1.464460590e+01
1.551424000e+01
1.179460242e+01
1.377394040e+01
1.344055242e+01
1.479601271e+01
1.239830288e+01
1.660985688e+01
1.503241983e+01
1.361826314e+01
1.218442767e+01
1.188087900e+01
1.289698118e+01
1.612183447e+01
1.396899373e+01
1.396995801e+01
1.596343844e+01
1.575468591e+01
1.480285150e+01
1.290130728e+01
1.334451317e+01
1.234963896e+01
1.758416918e+01
1.372969743e+01
1.360083285e+01
1.416394535e+01
1.560974619e+01
1.366540454e+01
4.049313489e+01
1.328271552e+01
1.535946042e+01
1.279737438e+01
1.361656618e+01
1.227645389e+01
1.572567046e+01
1.385379339e+01
1.731250784e+01
1.542633401e+01
1.596857418e+01
1.430535792e+01
1.285685879e+01
1.259832773e+01
1.601040432e+01
1.289043949e+01
1.616002787e+01
1.353697067e+01
1.431670362e+01
1.297544081e+01
1.149239077e+01
1.413177951e+01
1.387644674e+01
1.488767805e+01
1.157169775e+01
1.247062726e+01
1.269251678e+01
1.402447927e+01
1.318328609e+01
1.368608928e+01
1.460655411e+01
1.515594132e+01
1.609781109e+01
1.202650894e+01
1.472818979e+01
1.367247424e+01
1.646769521e+01
1.853730322e+01
1.362311275e+01
1.554332811e+01
1.445522345e+01
1.541947045e+01
1.492262403e+01
1.316959559e+01
1.223045922e+01
1.408655348e+01
1.667427689e+01
1.426979179e+01
1.430531636e+01
1.514513325e+01
1.466369076e+01
1.601583474e+01
1.490302197e+01
1.529662013e+01
1.502675489e+01
1.397330866e+01
1.296260674e+01
1.473390951e+01
1.453629322e+01
1.605511977e+01
1.303479511e+01
1.629138873e+01
1.613686581e+01
1.591636665e+01
1.539052843e+01
1.396482434e+01
1.206005470e+01
1.411801371e+01
1.113656210e+01
9.383835154e+00
1.417826972e+01
1.657948739e+01
1.452430264e+01
1.586851302e+01
1.461994305e+01
1.171094020e+01
1.620531581e+01
1.477219035e+01
1.188128397e+01
1.531844316e+01
1.316814504e+01
1.467825687e+01
1.315876390e+01
1.396010277e+01
1.234854145e+01
1.276692989e+01
1.472827272e+01
1.523662484e+01
1.470355194e+01
1.488165083e+01
1.540504955e+01
1.525985138e+01
1.427044933e+01
1.449814555e+01
1.465665240e+01
1.232747563e+01
1.354309725e+01
1.491210771e+01
1.145359281e+01
1.494075461e+01
1.407324309e+01
1.415764602e+01
1.525424360e+01
1.592042927e+01
1.493595215e+01
1.443068930e+01
1.494699639e+01
1.240454593e+01
1.626871487e+01
1.292126203e+01
1.365529381e+01
1.358244698e+01
1.487875069e+01
1.198736817e+01
1.478778413e+01
1.585509614e+01
1.436108155e+01
1.523063026e+01
1.325660211e+01
7.036206904e+00
1.309911632e+01
1.130473479e+01
1.475642663e+01
1.569996713e+01
1.342631192e+01
1.496056013e+01
1.566477640e+01
1.273694647e+01
1.544130088e+01
1.537834107e+01
1.653695347e+01
1.481979301e+01
1.403765646e+01
1.623652780e+01
1.276856107e+01
1.322470600e+01
1.299879220e+01
1.196677847e+01
1.293024729e+01
1.378995891e+01
1.528562543e+01
1.286186582e+01
1.247881308e+01
1.329525962e+01
1.557058371e+01
1.432050788e+01
1.630725597e+01
1.637941714e+01
1.268433529e+01
1.351331721e+01
1.640236572e+01
1.506855564e+01
1.600363862e+01
1.572992399e+01
1.531031659e+01
1.285921818e+01
1.301793819e+01
1.538702640e+01
1.433499261e+01
1.191390973e+01
1.703031262e+01
1.548358167e+01
1.332263760e+01
2.686476331e+01
1.650337192e+01
1.358315830e+01
1.233518255e+01
1.688109402e+01
1.277610528e+01
1.431042057e+01
1.542036910e+01
1.203934989e+01
1.688277064e+01
1.242861797e+01
1.501610750e+01
1.418122608e+01
1.589012851e+01
1.507764978e+01
1.293760512e+01
1.366309911e+01
1.568606434e+01
9.862192464e+00
1.492360775e+01
1.239967757e+01
1.281911418e+01
1.388893600e+01
1.470458970e+01
1.554082998e+01
1.597397629e+01
1.658020467e+01
1.449769040e+01
1.685347555e+01
1.220080840e+01
1.228600422e+01
1.964264349e+01
1.453035621e+01
1.530970948e+01
1.447086880e+01
1.496672097e+01
1.381257310e+01
1.362404338e+01
1.515611659e+01
1.422569336e+01
1.619844955e+01
1.519204719e+01
1.495186411e+01
1.281789522e+01
1.580168898e+01
1.148380815e+01
1.216119401e+01
1.202621925e+01
1.665736722e+01
1.632787584e+01
1.555269353e+01
1.700499518e+01
1.315252003e+01
1.260278556e+01
1.500202073e+01
1.458392247e+01
1.359617164e+01
1.440562465e+01
1.211546103e+01
1.581848227e+01
1.598944464e+01
1.371241100e+01
1.385766796e+01
1.317861515e+01
1.566266522e+01
1.384753156e+01
1.222172457e+01
1.446542656e+01
1.642949409e+01
1.498532292e+01
1.260078378e+01
1.641845569e+01
1.309480082e+01
1.261614163e+01
1.267636250e+01
1.248954561e+01
8.871274497e+00
1.047976441e+01
1.546833623e+01
1.352849619e+01
1.361681277e+01
1.607308128e+01
1.386985380e+01
1.449239301e+01
1.345557370e+01
1.464566284e+01
1.292977852e+01
1.570679719e+01
1.217786523e+01
1.365150521e+01
1.373381658e+01
1.464023992e+01
1.574756909e+01
1.392953539e+01
1.434717668e+01
1.428593642e+01
1.367009827e+01
1.512693443e+01
1.427592455e+01
1.271299353e+01
1.653861916e+01
1.389281490e+01
1.611628284e+01
1.656313424e+01
1.621973460e+01
1.584944234e+01
1.471345150e+01
1.342965385e+01
1.273480112e+01
1.620603135e+01
2.376230996e+01
1.302446075e+01
1.579525112e+01
1.223773117e+01
1.588279477e+01
1.647051079e+01
1.279731854e+01
1.627233123e+01
1.482995436e+01
1.569549265e+01
1.697216423e+01
1.392883256e+01
1.271974990e+01
1.350045784e+01
1.483615479e+01
1.655864356e+01
1.320479153e+01
1.329035940e+01
1.490586100e+01
1.624143954e+01
1.536349478e+01
1.509247784e+01
1.445820648e+01
1.438611295e+01
1.665177515e+01
1.610228502e+01
1.706747720e+01
1.569392222e+01
1.482151403e+01
1.464894621e+01
1.487334469e+01
1.287520545e+01
1.319474072e+01
1.445887219e+01
1.369364145e+01
1.733766387e+01
1.421408413e+01
1.468007105e+01
1.544814484e+01
1.327528255e+01
1.645217155e+01
1.339482865e+01
1.572870280e+01
1.497879692e+01
1.575838958e+01
1.289623061e+01
1.484087052e+01
1.056575696e+01
1.231427815e+01
1.351035651e+01
1.246098786e+01
1.528805272e+01
1.523187515e+01
9.839505515e+00
1.655720999e+01
1.485497953e+01
1.273894805e+01
1.186051822e+01
1.184565594e+01
1.627413954e+01
1.568092076e+01
1.263673155e+01
1.273078067e+01
1.433818517e+01
1.203290508e+01
1.328025930e+01
1.364875484e+01
1.399234205e+01
1.210722355e+01
1.533828997e+01
1.443090817e+01
1.248726992e+01
1.316003136e+01
1.498470155e+01
1.208443942e+01
1.351058721e+01
1.571577118e+01
1.570772800e+01
1.482635820e+01
1.583559259e+01
1.365704655e+01
1.316798689e+01
1.211147954e+01
1.411879460e+01
1.452051492e+01
1.164302255e+01
1.633538079e+01
1.429960021e+01
1.594353041e+01
1.231663860e+01
1.563337383e+01
1.421202270e+01
1.274809364e+01
1.401027126e+01
1.454908960e+01
1.331718663e+01
1.637915968e+01
1.688151305e+01
9.991187605e+00
1.443366035e+01
1.206285149e+01
1.532576817e+01
1.639309549e+01
1.250855023e+01
1.401611788e+01
1.417912854e+01
1.465179774e+01
1.376821594e+01
1.396242730e+01
1.523338170e+01
1.482061907e+01
1.197482863e+01
1.520320024e+01
1.453864086e+01
1.243899912e+01
1.256536068e+01
1.232817734e+01
1.675165140e+01
1.375789415e+01
1.302942581e+01
1.227109777e+01
1.466477796e+01
1.619243864e+01
1.558495739e+01
1.483422344e+01
1.387886540e+01
1.694955117e+01
1.641723114e+01
1.280702804e+01
1.545899653e+01
1.320179957e+01
6.207568743e+01
1.521174849e+01
1.503696980e+01
1.361885315e+01
1.886772371e+01
1.515794832e+01
1.336875522e+01
1.310864526e+01
1.399387955e+01
1.318970249e+01
1.584880110e+01
1.274916338e+01
1.490969030e+01
1.313112019e+01
1.151703490e+01
1.343264752e+01
1.778257862e+01
1.262025869e+01
1.605034098e+01
1.883566565e+01
1.551061251e+01
1.290135763e+01
1.433925290e+01
1.559876068e+01
1.572343954e+01
1.696646301e+01
1.205316918e+01
1.241843448e+01
1.398485378e+01
1.597230430e+01
1.262663502e+01
1.574605024e+01
1.320054576e+01
1.389269513e+01
1.333277993e+01
1.413684749e+01
1.398855830e+01
1.319892847e+01
1.438882341e+01
1.646462677e+01
1.257716897e+01
1.568545818e+01
1.598511758e+01
1.471926427e+01
1.443642830e+01
1.664386500e+01
1.473603666e+01
1.630230284e+01
1.263681321e+01
1.431729790e+01
1.628810919e+01
1.158553246e+01
1.504653605e+01
1.688414864e+01
1.403414989e+01
1.157211473e+01
1.617248007e+01
1.705349632e+01
1.506277285e+01
1.304649523e+01
1.391148258e+01
1.456971563e+01
1.595100062e+01
1.397441210e+01
1.647134275e+01
1.567411490e+01
1.233334266e+01
1.374737039e+01
1.455166526e+01
1.326540655e+01
1.546350277e+01
1.321070289e+01
1.278886389e+01
1.332203629e+01
1.529778614e+01
1.691273629e+01
1.369356242e+01
1.496363723e+01
1.298403253e+01
1.682491975e+01
1.504619098e+01
2.348210551e+01
1.602333754e+01
1.410382516e+01
1.268666371e+01
1.541160526e+01
1.581173363e+01
1.631030962e+01
1.505927733e+01
1.528726511e+01
1.395913598e+01
1.213121459e+01
1.435374417e+01
1.282416768e+01
1.316165425e+01
1.383621841e+01
1.215158906e+01
1.266693947e+01
1.184668839e+01
1.302227700e+01
1.622754167e+01
1.166848781e+01
1.532587875e+01
1.661029628e+01
1.389107719e+01
1.386308751e+01
1.511338166e+01
1.223260299e+01
1.598961020e+01
1.238608344e+01
1.706650548e+01
1.428894767e+01
1.157919785e+01
1.267595006e+01
7.649693621e+00
1.657168647e+01
1.620198748e+01
1.388255266e+01
1.510491464e+01
1.349620930e+01
1.297327461e+01
1.555294556e+01
1.221783890e+01
1.244974181e+01
1.203604937e+01
1.408142482e+01
1.302680417e+01
1.580047727e+01
1.230653712e+01
1.207657463e+01
1.428069496e+01
1.362012352e+01
1.569226740e+01
1.586642295e+01
1.650559130e+01
1.617244016e+01
1.232024976e+01
1.435855490e+01
1.195170623e+01
1.321770692e+01
1.516052075e+01
1.339987364e+01
1.681666483e+01
1.293309130e+01
1.475913832e+01
1.432033363e+01
1.595954978e+01
1.359768582e+01
1.249717929e+01
1.466948830e+01
1.212061745e+01
1.200994732e+01
1.520987705e+01
1.334550215e+01
1.560475674e+01
1.588250551e+01
1.202773694e+01
1.326113011e+01
1.338055918e+01
1.528554322e+01
1.252550452e+01
1.450839675e+01
1.545349613e+01
1.329373288e+01
1.539246325e+01
9.924942374e+00
1.382082019e+01
1.340230605e+01
1.203737675e+01
1.310764480e+01
1.389575648e+01
1.359108261e+01
1.267810763e+01
1.416558628e+01
1.530866856e+01
9.649528399e+00
1.640919392e+01
1.556246096e+01
1.612452254e+01
1.330050644e+01
1.477913714e+01
1.224928472e+01
1.437587266e+01
1.536385051e+01
1.643367824e+01
1.212487875e+01
1.463537093e+01
1.480532870e+01
1.554216094e+01
1.209138643e+01
1.485418565e+01
1.550855642e+01
1.600938293e+01
1.405773467e+01
1.492891420e+01
1.567011040e+01
1.318161198e+01
1.474761458e+01
1.703129576e+01
6.969146213e+00
1.624962965e+01
1.449741838e+01
1.307005356e+01
1.340947428e+01
1.263115907e+01
1.618676674e+01
1.271003418e+01
1.553311286e+01
1.546163238e+01
1.204866375e+01
1.289300628e+01
1.505030817e+01
1.447694773e+01
1.323470762e+01
1.373703911e+01
1.609915048e+01
1.547125371e+01
1.438828414e+01
1.283745850e+01
1.207888120e+01
1.554314524e+01
1.463150672e+01
1.416698653e+01
1.251946802e+01
1.316501235e+01
1.679613626e+01
1.304913955e+01
1.552777881e+01
1.624174422e+01
1.302510274e+01
1.504711185e+01
1.186375293e+01
1.598727526e+01
1.336734587e+01
1.581638996e+01
1.523735495e+01
1.252764344e+01
1.240242291e+01
1.443111820e+01
1.352771767e+01
1.453170108e+01
1.402191190e+01
1.426687801e+01
1.186619339e+01
1.356283208e+01
1.355616105e+01
1.212968738e+01
1.297312776e+01
1.535978958e+01
1.439132727e+01
1.556984423e+01
1.539907962e+01
1.384430586e+01
1.338338525e+01
1.578339938e+01
1.477747419e+01
1.413616490e+01
1.370355025e+01
1.201913292e+01
1.404868056e+01
1.392496463e+01
1.490539518e+01
1.458277281e+01
1.580685985e+01
1.324437116e+01
1.621041089e+01
1.255125189e+01
1.504097714e+01
1.105787629e+01
1.018654379e+01
1.083488178e+01
2.247222075e+01
1.255833038e+01
1.103789999e+01
1.008334415e+01
9.626775156e+00
1.274248619e+01
1.014488720e+01
9.554121560e+00
1.056152302e+01
1.014876973e+01
1.011189928e+01
1.279926376e+01
1.250103914e+01
1.054543028e+01
1.171369104e+01
1.033499988e+01
1.273553725e+01
1.264605803e+01
1.117932655e+01
1.285667663e+01
1.062459747e+01
1.097471580e+01
1.071184490e+01
1.224997917e+01
1.271550030e+01
1.037456768e+01
1.173739091e+01
1.004879632e+01
1.079857311e+01
1.029503190e+01
1.289210789e+01
9.718357014e+00
1.014598328e+01
1.152716669e+01
1.016107458e+01
1.284256544e+01
1.048018009e+01
1.092826227e+01
1.025464444e+01
1.007410141e+01
1.022394208e+01
1.012847422e+01
1.024628516e+01
1.139780010e+01
9.961070054e+00
9.173740625e+00
1.060489363e+01
9.678776540e+00
1.121377249e+01
1.109944092e+01
1.208189052e+01
1.204191424e+01
1.134339519e+01
1.117735983e+01
9.730053513e+00
1.129358184e+01
1.160247209e+01
1.256841878e+01
1.255596929e+01
1.079834436e+01
8.904840820e+00
1.012251831e+01
1.013753117e+01
9.796328379e+00
1.177258466e+01
9.665742799e+00
1.026357307e+01
9.905028315e+00
1.073578937e+01
1.195037465e+01
1.304457055e+01
1.085198199e+01
1.177752977e+01
9.369870056e+00
1.037188831e+01
1.002386398e+01
9.687772044e+00
1.083991402e+01
1.002249792e+01
1.142609396e+01
1.057344419e+01
1.085616500e+01
1.080195853e+01
1.064824384e+01
1.032499750e+01
1.260733192e+01
1.035240643e+01
9.982320195e+00
1.055947667e+01
1.211391652e+01
1.022105808e+01
1.084178615e+01
1.046974621e+01
1.198181924e+01
9.679623794e+00
1.025568439e+01
1.096105039e+01
1.035807995e+01
9.887047099e+00
1.043965916e+01
1.296676689e+01
9.875653126e+00
1.201363648e+01
1.129521190e+01
1.017050539e+01
1.127096254e+01
1.092468625e+01
1.018575364e+01
1.076246296e+01
9.606718229e+00
1.012146977e+01
1.058999594e+01
9.933244005e+00
1.051738588e+01
9.821630934e+00
9.964582858e+00
1.033624570e+01
1.162926676e+01
1.249161957e+01
1.050822985e+01
1.034321978e+01
1.152624517e+01
1.297147350e+01
1.284392757e+01
1.046348381e+01
1.020647424e+01
9.806600958e+00
2.308799540e+01
1.020138662e+01
1.274642614e+01
1.098359258e+01
1.230921601e+01
1.073787026e+01
1.030591015e+01
1.169574420e+01
1.057838920e+01
9.866131706e+00
1.031006776e+01
9.464544166e+00
1.005499636e+01
1.241883386e+01
1.714971127e+01
1.017425761e+01
1.146312167e+01
1.132963899e+01
1.091089236e+01
1.121042060e+01
9.552599580e+00
1.066078554e+01
1.141753267e+01
9.574496680e+00
1.233225693e+01
1.003001217e+01
9.854366316e+00
1.012918599e+01
1.285338484e+01
1.029318749e+01
1.701973554e+01
9.670074056e+00
1.083569251e+01
1.023682248e+01
9.826475903e+00
9.681741614e+00
1.122584458e+01
1.019942852e+01
1.014845649e+01
1.190669896e+01
1.151335181e+01
1.271914312e+01
1.084254431e+01
1.374362687e+01
1.162098808e+01
1.072228219e+01
1.017638184e+01
1.044107195e+01
1.121899662e+01
1.015217589e+01
1.316172614e+01
9.839765051e+00
9.626204643e+00
9.969052182e+00
1.055564550e+01
1.001920379e+01
1.060707047e+01
9.923033267e+00
9.963003771e+00
1.052011776e+01
1.005252702e+01
1.145522426e+01
1.215206183e+01
1.188861571e+01
1.072975256e+01
1.021155504e+01
9.699377762e+00
1.204648792e+01
1.266797880e+01
1.200353909e+01
9.569112691e+00
1.204260782e+01
1.292989168e+01
1.509829557e+01
1.535275258e+01
1.025718815e+01
1.247585075e+01
1.228334897e+01
1.043326425e+01
1.226329704e+01
1.220224873e+01
1.104696673e+01
9.523339974e+00
1.041741974e+01
1.324635053e+01
1.056775145e+01
1.089840704e+01
1.103333289e+01
1.139452425e+01
9.720050062e+00
1.047047929e+01
9.346428840e+00
1.193065580e+01
1.060211936e+01
1.028037024e+01
1.167754115e+01
1.182189600e+01
1.035333969e+01
1.153792810e+01
1.050868861e+01
9.552489486e+00
1.906778146e+01
1.039978683e+01
1.344443482e+01
1.204412319e+01
1.085541234e+01
1.078730464e+01
1.061710520e+01
1.007260703e+01
1.012859080e+01
1.193393026e+01
9.892267677e+00
9.886933636e+00
1.258009048e+01
1.052627241e+01
9.582359152e+00
1.187577198e+01
9.803874166e+00
1.028042879e+01
1.136623866e+01
1.068762363e+01
1.257568145e+01
1.152953845e+01
1.124259316e+01
1.045742372e+01
1.065304618e+01
1.233795703e+01
1.052570375e+01
1.025345826e+01
1.005426571e+01
1.052318310e+01
1.299877828e+01
1.125011405e+01
1.014403652e+01
9.707960938e+00
1.006328083e+01
1.078875154e+01
1.168372766e+01
1.079859768e+01
9.942674916e+00
1.047757529e+01
9.609987216e+00
1.135483251e+01
1.663977114e+01
9.987269537e+00
1.263607225e+01
1.276675544e+01
1.067899930e+01
1.013440750e+01
1.009708392e+01
1.029986243e+01
1.022405285e+01
1.115530400e+01
1.235618740e+01
1.075705387e+01
1.178187621e+01
9.843909169e+00
1.106527427e+01
9.878715728e+00
9.810601685e+00
1.150227246e+01
1.068773045e+01
1.099133666e+01
1.105114288e+01
1.030655625e+01
1.161921619e+01
8.705628927e+00
1.033721367e+01
1.287280163e+01
9.149710900e+00
1.135997195e+01
1.191319412e+01
1.116764921e+01
1.038549095e+01
9.894475808e+00
1.129282145e+01
1.102842404e+01
1.186797504e+01
1.131514381e+01
1.075598470e+01
1.069670254e+01
1.023995731e+01
1.082839865e+01
1.142024985e+01
9.676506707e+00
1.091087508e+01
1.164829830e+01
1.094687729e+01
9.933153071e+00
1.003364242e+01
1.030830218e+01
1.000900185e+01
1.315566297e+01
1.150956530e+01
1.008747934e+01
9.731418301e+00
1.152308147e+01
9.993340414e+00
2.040718228e+01
1.031623959e+01
1.140428692e+01
1.024371385e+01
1.024477527e+01
9.864772320e+00
1.210841663e+01
1.022592872e+01
1.227883452e+01
1.175501111e+01
1.149132240e+01
1.095426374e+01
1.001819505e+01
1.075282415e+01
1.148970148e+01
1.030632905e+01
1.801990600e+01
1.155729146e+01
1.062105677e+01
1.108752158e+01
1.040366994e+01
1.062058509e+01
1.065982203e+01
1.154673989e+01
1.092470798e+01
1.018211433e+01
1.031331726e+01
1.071611023e+01
9.862864476e+00
9.927423314e+00
1.128241313e+01
1.366015895e+01
1.306588575e+01
1.111248671e+01
1.164225703e+01
9.571475740e+00
1.203845872e+01
1.320177429e+01
9.393364852e+00
1.215364274e+01
1.139266903e+01
1.428411515e+01
9.732255868e+00
1.025617877e+01
9.357721912e+00
1.288969272e+01
1.251798003e+01
1.104436425e+01
1.039330507e+01
2.146934452e+01
1.070270330e+01
1.239368588e+01
1.043922715e+01
1.090110588e+01
1.346556375e+01
1.022803560e+01
1.011713545e+01
1.215865351e+01
1.118635660e+01
1.207989464e+01
9.647357457e+00
1.484294010e+01
1.278734592e+01
1.263133608e+01
9.865737355e+00
1.109825125e+01
1.082300571e+01
1.103506611e+01
1.038104017e+01
1.233773199e+01
1.594109774e+01
1.195139855e+01
1.046675773e+01
1.297567504e+01
1.073971577e+01
1.135762442e+01
1.143603160e+01
9.413039813e+00
1.111582978e+01
1.264598479e+01
1.148137835e+01
9.994270988e+00
9.797387991e+00
1.061885433e+01
9.893154904e+00
1.002218631e+01
1.135704536e+01
1.197915414e+01
1.278244947e+01
1.068650848e+01
1.429111305e+01
1.113136706e+01
1.097909598e+01
1.140871660e+01
1.057848138e+01
9.980118464e+00
9.959539210e+00
1.120225625e+01
1.094863824e+01
1.068980721e+01
9.592587000e+00
1.047871362e+01
1.366592900e+01
1.250622035e+01
1.184695984e+01
1.021061241e+01
1.310045364e+01
1.028173354e+01
1.337704192e+01
1.093146867e+01
9.969972691e+00
1.037400227e+01
1.330125252e+01
1.008741120e+01
1.184749091e+01
1.093316190e+01
9.750717229e+00
1.146820213e+01
1.056261942e+01
6.242166350e+00
9.888075355e+00
1.099340828e+01
1.143960863e+01
1.166615362e+01
1.071113369e+01
9.331435473e+00
1.040919545e+01
1.089449641e+01
1.256353434e+01
1.113114604e+01
1.281287563e+01
9.722582609e+00
1.034299378e+01
1.123126148e+01
1.000412865e+01
9.626260716e+00
9.412515879e+00
1.059274540e+01
1.098411052e+01
9.498681796e+00
1.388856011e+01
1.010534289e+01
9.768738743e+00
1.020303461e+01
1.174042267e+01
1.193598915e+01
1.261793747e+01
1.232560758e+01
2.099102184e+01
1.035568522e+01
1.249222724e+01
1.066563963e+01
1.170879064e+01
1.030200137e+01
1.033743875e+01
1.008238755e+01
1.021689614e+01
1.116063628e+01
1.044808773e+01
1.094422444e+01
1.223519311e+01
1.163146801e+01
1.100145031e+01
1.031016600e+01
1.247620275e+01
1.100752238e+01
9.617924244e+00
1.269953666e+01
9.969974528e+00
9.681337028e+00
1.140285361e+01
1.037703682e+01
1.177228403e+01
1.025621550e+01
1.070612172e+01
1.092146784e+01
1.184816677e+01
1.215544549e+01
1.012974635e+01
1.110147039e+01
1.118649749e+01
1.084903479e+01
1.232414658e+01
9.931227876e+00
1.027307102e+01
1.022400283e+01
1.079668975e+01
1.325897848e+01
1.238374748e+01
1.310494152e+01
1.001716813e+01
1.156929897e+01
9.582505264e+00
9.769985187e+00
1.730498378e+01
1.072810857e+01
1.482722123e+01
1.304033348e+01
1.150898432e+01
1.053170696e+01
1.090995149e+01
1.221826163e+01
1.123544462e+01
1.192275987e+01
1.114627320e+01
1.060838680e+01
1.000159834e+01
1.334829018e+01
1.214121468e+01
1.041449502e+01
1.101207019e+01
1.345623577e+01
1.383333616e+01
1.211901915e+01
1.336769119e+01
9.747593552e+00
1.019914863e+01
1.178368982e+01
9.742166266e+00
9.552445910e+00
1.038298930e+01
1.086994630e+01
1.231152908e+01
1.214233581e+01
1.070833080e+01
1.011764493e+01
1.010226346e+01
1.112019240e+01
9.882505987e+00
1.065244120e+01
1.156573968e+01
1.184220049e+01
1.095359623e+01
1.025557297e+01
1.337823044e+01
1.038309089e+01
1.021061653e+01
1.036757572e+01
1.142937796e+01
1.052386971e+01
1.273037527e+01
1.073560655e+01
1.065852237e+01
1.053080974e+01
1.282047453e+01
1.046903669e+01
9.824876682e+00
1.030191605e+01
1.064935482e+01
1.014264554e+01
1.185500100e+01
1.063736596e+01
1.047209629e+01
1.003279195e+01
1.154001533e+01
1.043435238e+01
1.023177495e+01
1.046040376e+01
1.050894161e+01
9.760891086e+00
1.501299462e+01
1.148303933e+01
9.977810101e+00
1.177531794e+01
1.007847702e+01
1.337792303e+01
1.199285757e+01
1.319237949e+01
1.203677133e+01
1.047056185e+01
1.067035476e+01
1.063444791e+01
1.217343075e+01
2.598374435e+01
1.056622632e+01
1.281848213e+01
1.055583266e+01
1.181274434e+01
1.216938969e+01
1.018006899e+01
1.216714866e+01
1.080623098e+01
1.265344924e+01
1.293441524e+01
1.087194268e+01
9.844115860e+00
9.690772517e+00
1.149323540e+01
1.191985337e+01
1.014951437e+01
1.073404607e+01
1.177511390e+01
1.265822733e+01
1.147120352e+01
1.231527441e+01
1.058589049e+01
9.895945962e+00
1.270129300e+01
1.246285377e+01
1.240218234e+01
1.308785423e+01
1.261158934e+01
1.199538446e+01
1.109986285e+01
1.014320858e+01
9.803452350e+00
1.042929256e+01
1.134872481e+01
1.298167414e+01
1.027384587e+01
1.059845059e+01
1.180878167e+01
1.028436575e+01
1.246338039e+01
9.597582641e+00
1.219618637e+01
1.021527965e+01
1.287115409e+01
1.024348188e+01
1.499731461e+01
1.129809075e+01
1.041257752e+01
8.390390179e+00
1.019738276e+01
1.232633905e+01
1.010077459e+01
1.117455629e+01
1.194148986e+01
1.052424988e+01
9.805934420e+00
9.686424830e+00
1.009982591e+01
1.211245237e+01
1.119761782e+01
1.068833222e+01
9.504994182e+00
9.808051152e+00
9.872220216e+00
9.815541178e+00
9.704108801e+00
1.005818750e+01
1.046552133e+01
1.190644308e+01
9.748190506e+00
1.022929285e+01
9.864632260e+00
1.008305257e+01
9.811752034e+00
1.053562177e+01
1.178074274e+01
1.164005785e+01
1.164842269e+01
1.243949627e+01
1.005521512e+01
9.208308711e+00
1.009846722e+01
1.093103778e+01
1.089385415e+01
1.057736602e+01
1.317335252e+01
9.792188746e+00
1.103677913e+01
9.355516599e+00
1.236437667e+01
1.099236725e+01
9.895518785e+00
9.658013540e+00
9.455653341e+00
9.868824018e+00
1.323045544e+01
1.290754182e+01
1.139862439e+01
1.047163933e+01
9.976302310e+00
1.120423690e+01
1.140548614e+01
1.073372866e+01
1.156935533e+01
1.192741321e+01
1.221953811e+01
1.013822589e+01
1.210112450e+01
1.098150650e+01
1.098568033e+01
9.783957284e+00
1.084869712e+01
1.048900901e+01
2.070982522e+01
9.864461870e+00
1.015571058e+01
1.217081612e+01
1.029186365e+01
9.319302226e+00
9.887513328e+00
1.096862013e+01
1.277467229e+01
1.261765748e+01
1.057856527e+01
9.304532813e+00
1.206289993e+01
1.185923491e+01
1.012380567e+01
1.164690978e+01
9.994213075e+00
5.602345376e+01
1.350269081e+01
1.146906636e+01
1.042309147e+01
1.678714675e+01
1.162666224e+01
1.078002994e+01
1.164474755e+01
1.057224560e+01
1.005557024e+01
1.139635597e+01
9.921596491e+00
9.021255615e+00
9.470349470e+00
1.053235127e+01
1.010630470e+01
1.275801702e+01
9.963086112e+00
1.306749584e+01
8.766502045e+00
1.146332312e+01
1.207591629e+01
1.089170677e+01
1.341645107e+01
1.199286435e+01
1.201623795e+01
1.022118934e+01
1.009681077e+01
1.064105102e+01
1.186266026e+01
1.035482453e+01
1.195114487e+01
1.002891582e+01
1.103071065e+01
1.013367245e+01
1.099055636e+01
9.960898601e+00
9.374042052e+00
1.060154705e+01
1.291158769e+01
1.008680400e+01
1.126670865e+01
1.244253108e+01
1.032477084e+01
1.116335244e+01
1.394412651e+01
1.199746831e+01
1.272704322e+01
1.009591714e+01
1.047249617e+01
1.265508074e+01
1.025837847e+01
1.320996191e+01
1.226116015e+01
9.290770625e+00
1.031805100e+01
1.244884174e+01
1.259774109e+01
2.013503505e+01
1.022286186e+01
1.135706121e+01
1.044862961e+01
1.218478085e+01
1.142718715e+01
1.258004689e+01
1.260136382e+01
1.008424193e+01
1.041036433e+01
1.502863252e+01
1.078854759e+01
1.147723734e+01
9.292353217e+00
1.067505605e+01
1.092565367e+01
1.139921669e+01
1.193236611e+01
1.141039398e+01
1.102913797e+01
9.769497505e+00
1.337401107e+01
1.592991314e+01
1.787044313e+01
1.340934542e+01
1.094966247e+01
1.033460025e+01
1.014346260e+01
1.070627831e+01
2.111823875e+01
1.024057729e+01
1.165244623e+01
9.757084212e+00
1.049225859e+01
9.186892946e+00
1.018024313e+01
1.083519496e+01
1.055732588e+01
1.107973580e+01
1.008636363e+01
9.743216755e+00
1.046025585e+01
1.041506311e+01
1.044599933e+01
1.295939495e+01
1.333896274e+01
1.044811715e+01
9.924280185e+00
1.210344555e+01
1.185941127e+01
1.136503241e+01
1.040540918e+01
1.281987507e+01
1.026885727e+01
1.006869103e+01
1.045772857e+01
9.821722029e+00
1.222665332e+01
1.166774111e+01
1.061027982e+01
1.000415232e+01
1.007705165e+01
1.184600952e+01
1.134425555e+01
1.040218831e+01
9.818582482e+00
1.065218357e+01
9.658805172e+00
1.056789658e+01
1.182670311e+01
1.099004051e+01
9.906449077e+00
1.099352955e+01
1.063015804e+01
9.803869702e+00
1.123484479e+01
1.229644312e+01
1.261034663e+01
1.036421711e+01
9.657986292e+00
1.092438019e+01
1.032999129e+01
1.092600174e+01
9.899687626e+00
1.280016777e+01
1.000882159e+01
9.444970808e+00
1.024867579e+01
1.024212687e+01
1.015927575e+01
1.024277250e+01
1.101996411e+01
1.104505013e+01
9.672010548e+00
1.115874025e+01
1.030859758e+01
1.144308397e+01
1.289404701e+01
9.831090192e+00
9.977638052e+00
1.011717043e+01
1.223368247e+01
1.104533510e+01
1.929030277e+01
1.187868288e+01
1.000447500e+01
1.360659117e+01
1.026675413e+01
1.152745418e+01
1.017271171e+01
1.047974328e+01
1.055404474e+01
1.119291757e+01
9.708412901e+00
1.051148475e+01
1.040220135e+01
1.200423064e+01
1.107832629e+01
1.208257203e+01
1.396876649e+01
1.145818796e+01
9.518832356e+00
1.073427538e+01
9.897356678e+00
9.632513972e+00
1.215451436e+01
1.354328987e+01
1.113397121e+01
1.010282300e+01
1.534525942e+01
1.281664740e+01
1.023649937e+01
1.129394320e+01
1.091900056e+01
1.339410841e+01
9.681851080e+00
1.031671669e+01
1.216337489e+01
1.005931538e+01
1.044034391e+01
2.222190421e+01
1.043091071e+01
1.180845109e+01
1.152906482e+01
9.946015920e+00
9.685700774e+00
1.022362667e+01
1.132111332e+01
9.486584224e+00
1.202626182e+01
1.189243973e+01
9.631621927e+00
9.929601620e+00
9.955354489e+00
1.180460750e+01
1.158212074e+01
1.082653314e+01
1.152539889e+01
1.245306004e+01
1.002852025e+01
1.040902659e+01
1.941113776e+01
1.227913225e+01
1.521569418e+01
1.078339096e+01
1.043086703e+01
9.263681452e+00
1.137732691e+01
1.004460569e+01
1.002252353e+01
1.426581392e+01
1.038271675e+01
9.926690014e+00
1.012311641e+01
1.177914982e+01
9.982350526e+00
1.224662853e+01
1.252549209e+01
9.970536368e+00
9.494608767e+00
9.821479897e+00
9.995535583e+00
1.019786195e+01
1.110383697e+01
1.135674848e+01
1.036239490e+01
9.375819006e+00
1.025205779e+01
9.978642080e+00
1.044890082e+01
9.521313879e+00
9.632724805e+00
1.051232639e+01
1.098556708e+01
9.878228030e+00
1.140853433e+01
1.240160398e+01
1.209195624e+01
1.071312223e+01
1.007690691e+01
9.808842462e+00
9.982072805e+00
1.185798486e+01
1.191382978e+01
1.065049083e+01
1.231339993e+01
1.073131629e+01
1.153589762e+01
9.564642491e+00
1.054933624e+01
